affiliatedWith,associatedWith,contains,hasAttackLocation,hasAttackTime,hasLocation,hasVulnerability,identifiedBy,identifies,monitoredBy,monitors,noRelation,targetedBy,targets,usedBy,uses
 184,   0,   0,   0,   0,   0,   0,   0,   0,   0,   0,   0,   0,   0,   0,   0
  16, 540,   2,   0,   0,   0,   3,   0,   0,   0,   0,   3,   0,   0,   2,   0
   0,   0,  47,   0,   0,   0,   0,   0,   0,   0,   0,   0,   0,   0,   0,   0
   0,   0,   0, 408,   0,   0,   0,   0,   0,   0,   0,   0,   0,   0,   0,   0
   0,   0,   0,   0, 183,   0,   0,   0,   0,   0,   0,   0,   0,   0,   0,   0
   0,   0,   0,   0,   0, 184,   0,   0,   0,   0,   0,   0,   0,   0,   0,   0
   0,   0,   0,   0,   0,   0, 101,   0,   0,   0,   0,   0,   0,   0,   0,   0
   0,   0,   0,   0,   0,   0,   0,  61,   0,   0,   0,   0,   0,   0,   0,   0
   0,   0,   0,   0,   0,   0,   0,   0, 356,   0,   0,   0,   0,   0,   0,   0
   0,   0,   0,   0,   0,   0,   0,   0,   0,  28,   0,   6,   0,   0,   0,   0
   0,   0,   0,   0,   0,   0,   0,   0,  10,   0,  96,   3,   0,   0,   0,   1
   0,  20,  14,   4,  12,   5,  13,  11,  29,   8,   0,2633,  14,  30,  15,  34
   0,   2,   0,   0,   0,   0,   0,   0,   0,   0,   0,   0, 420,   0,   0,   0
   0,   0,   0,   0,   0,   0,   0,   0,   0,   0,   0,   0,   0, 943,   0,   0
   0,   1,   6,   0,   0,   0,   0,   0,   0,   0,   0,   0,   0,   0, 394,   0
   0,   2,  11,   0,   0,   0,   0,   0,   6,   1,   0,   6,   0,   0,   2,1649
